learning_rate: 6.302189659601456e-05
num_layers: 1
hidden_size: 49
dropout: 0.04818280312590159
input_len: 365
input_size: 10
static_size: 10
future_input_size: 9
group_identifier: gauge_id
output_len: 10
