learning_rate: 2.150043195018649e-05
hidden_size: 40
dropout: 0.34183359909710953
num_attention_heads: 5
lstm_layers: 2
attn_dropout: 0.05897561357957441
add_relative_index: false
context_length_ratio: 0.6436003224053817
encoder_layers: 3
input_len: 146
input_size: 10
static_size: 10
future_input_size: 9
group_identifier: gauge_id
output_len: 10
