learning_rate: 0.0008417102605953998
hidden_size: 48
dropout: 0.08924363837727661
num_attention_heads: 1
lstm_layers: 1
attn_dropout: 0.08783790424444939
add_relative_index: true
context_length_ratio: 0.7811777174921186
encoder_layers: 2
input_len: 260
input_size: 10
static_size: 10
future_input_size: 9
group_identifier: gauge_id
output_len: 10
