learning_rate: 0.00015251780112909662
hidden_size: 80
dropout: 0.21161307566351106
num_attention_heads: 4
lstm_layers: 2
attn_dropout: 0.02322732166521525
add_relative_index: false
context_length_ratio: 0.6763332928179537
encoder_layers: 2
input_len: 39
input_size: 10
static_size: 10
future_input_size: 9
group_identifier: gauge_id
output_len: 10
