learning_rate: 9.034196087426496e-05
hidden_size: 72
dropout: 0.2991177029469814
num_attention_heads: 3
lstm_layers: 3
attn_dropout: 0.21740094075040878
add_relative_index: false
context_length_ratio: 0.5505901303596912
encoder_layers: 1
input_len: 310
input_size: 10
static_size: 10
future_input_size: 9
group_identifier: gauge_id
output_len: 10
