learning_rate: 0.0008861752700013715
num_layers: 1
hidden_size: 206
dropout: 0.4966214901105907
input_len: 210
input_size: 10
static_size: 10
future_input_size: 9
group_identifier: gauge_id
output_len: 10
